9_Right_49 0.6888888888888889 4.472547237455604 207
16_Right_171 0.5507246376811594 6.219061325040249 202
4_Right_185 0.3508771929824561 5.76946945850944 262
25_Left_137 0.5633802816901409 5.883019853679813 261
8_Left_226 0.2100456621004566 5.973308738129994 212
20_Left_56 0.7857142857142857 6.497392661831924 476
18_Right_203 0.2300469483568075 6.048654884594539 201
14_Right_135 0.4253731343283582 6.4778819836861 203
29_Left_51 0.5945945945945946 6.208777897393411 442
3_Right_464 0.48863636363636365 5.877271280080379 202
